%YAML:1.0
mean: !!opencv-matrix
   rows: 1
   cols: 1620
   dt: f
   data: [ 2.20732734e-001, 1.92747995e-001, 1.26783535e-001,
       1.34674594e-001, 1.03864133e-001, 4.12340499e-002,
       3.67413536e-002, 6.71512336e-002, 1.67597443e-001,
       2.31136829e-001, 1.97682798e-001, 1.25057980e-001,
       9.36421156e-002, 8.82423669e-002, 5.26739806e-002,
       2.72698980e-002, 6.25152141e-002, 1.97658852e-001,
       2.02688068e-001, 1.94564179e-001, 1.81905717e-001,
       2.17924029e-001, 2.37260163e-001, 1.30873770e-001,
       1.27297312e-001, 9.81284156e-002, 1.69303715e-001,
       2.33328074e-001, 2.01851487e-001, 2.01707572e-001,
       2.00735241e-001, 1.76746130e-001, 1.34758532e-001,
       1.19137809e-001, 1.14699133e-001, 1.86307266e-001,
       2.08203718e-001, 1.56872898e-001, 8.71906132e-002,
       8.96904692e-002, 1.45747915e-001, 6.29750192e-002,
       3.40267941e-002, 6.31543994e-002, 1.83885962e-001,
       2.27763534e-001, 1.91669449e-001, 1.61545455e-001,
       1.38231382e-001, 1.74399659e-001, 1.12735331e-001,
       7.95723796e-002, 1.23505771e-001, 1.97256833e-001,
       1.98678017e-001, 1.66428804e-001, 1.21562906e-001,
       1.62241787e-001, 1.98191971e-001, 1.15125269e-001,
       7.30281621e-002, 1.15489177e-001, 1.55755311e-001,
       1.71817392e-001, 2.17952356e-001, 1.69773459e-001,
       2.47256666e-001, 2.11163670e-001, 1.78026646e-001,
       8.42711329e-002, 1.66364625e-001, 1.72337398e-001,
       1.98346287e-001, 1.67702466e-001, 1.60007000e-001,
       1.19493961e-001, 1.53193891e-001, 1.01791427e-001,
       9.80398357e-002, 1.27248198e-001, 2.02217549e-001,
       1.89575464e-001, 1.68853715e-001, 1.12934403e-001,
       1.02236301e-001, 1.93242595e-001, 1.32094830e-001,
       1.14950985e-001, 1.36376023e-001, 2.01782763e-001,
       1.69600427e-001, 1.68455988e-001, 1.71075061e-001,
       1.90571234e-001, 1.72100931e-001, 1.69787541e-001,
       1.26625761e-001, 1.37167111e-001, 1.45266384e-001,
       2.05745965e-001, 1.08527377e-001, 1.23587579e-001,
       1.69380665e-001, 2.05500558e-001, 2.25342438e-001,
       1.81878909e-001, 1.10606715e-001, 1.84617460e-001,
       2.02499121e-001, 1.08720310e-001, 7.27308095e-002,
       8.00498724e-002, 1.91495046e-001, 1.04288280e-001,
       6.08869009e-002, 8.59431997e-002, 1.84122592e-001,
       2.19030753e-001, 6.47935420e-002, 6.52378127e-002,
       7.52052739e-002, 2.22026274e-001, 1.34921640e-001,
       7.80580863e-002, 1.26680106e-001, 2.18994364e-001,
       1.52046442e-001, 7.04406723e-002, 8.86541232e-002,
       1.53788924e-001, 2.71667302e-001, 2.41973579e-001,
       1.12895444e-001, 6.43478334e-002, 1.29440248e-001,
       2.13677883e-001, 7.31658041e-002, 1.62753999e-001,
       2.08315268e-001, 2.85466731e-001, 2.67286599e-001,
       1.87073871e-001, 1.07867368e-001, 1.46940514e-001,
       1.33503601e-001, 4.83628139e-002, 3.66987437e-002,
       7.57068396e-002, 2.26140261e-001, 1.41575515e-001,
       1.02069192e-001, 1.58512130e-001, 1.95125163e-001,
       1.39322057e-001, 6.23448268e-002, 4.42697145e-002,
       1.03104636e-001, 2.33294874e-001, 1.68086126e-001,
       1.25995830e-001, 1.80307239e-001, 2.13469878e-001,
       1.64882004e-001, 8.52067396e-002, 1.16094083e-001,
       2.04180136e-001, 2.88525164e-001, 2.49846011e-001,
       1.86958984e-001, 1.08965501e-001, 1.17086366e-001,
       1.41838342e-001, 9.51137021e-002, 9.25723165e-002,
       1.76821604e-001, 2.73297459e-001, 2.15165049e-001,
       1.38920814e-001, 1.07344002e-001, 1.22374214e-001,
       1.18730202e-001, 1.16899386e-001, 1.26787260e-001,
       1.88253388e-001, 2.42340922e-001, 1.56901732e-001,
       1.81610405e-001, 8.30188096e-002, 1.01763904e-001,
       1.52994424e-001, 1.51373461e-001, 1.67053878e-001,
       2.03728154e-001, 2.04827815e-001, 1.55164883e-001,
       1.47127822e-001, 9.43942443e-002, 1.14696614e-001,
       1.25688493e-001, 7.74914473e-002, 7.12662712e-002,
       1.32282108e-001, 2.42340922e-001, 2.06451178e-001,
       1.91764563e-001, 9.65016410e-002, 1.15654483e-001,
       1.45081595e-001, 1.12395272e-001, 1.44782588e-001,
       1.96983725e-001, 2.30439037e-001, 2.33653784e-001,
       2.02349976e-001, 1.44635677e-001, 1.80391371e-001,
       1.24829844e-001, 1.15116693e-001, 1.16229512e-001,
       1.49766281e-001, 2.05488458e-001, 1.21382087e-001,
       7.99903721e-002, 8.56744051e-002, 1.13018669e-001,
       1.28149629e-001, 1.66925430e-001, 1.89058870e-001,
       2.40708053e-001, 2.71494925e-001, 1.28582507e-001,
       6.97345287e-002, 1.09130159e-001, 1.15360923e-001,
       1.02066472e-001, 9.00601596e-002, 1.52163938e-001,
       1.67535439e-001, 2.03640446e-001, 1.83828413e-001,
       1.25528485e-001, 8.85944217e-002, 1.26892820e-001,
       1.25381574e-001, 1.48806006e-001, 2.40694791e-001,
       3.00259709e-001, 3.04617465e-001, 1.46237686e-001,
       1.25175685e-001, 8.24346170e-002, 9.62466002e-002,
       1.38090268e-001, 1.03707910e-001, 1.46918684e-001,
       1.60519361e-001, 1.77223980e-001, 1.06732391e-001,
       7.92032629e-002, 6.75099343e-002, 1.17463470e-001,
       1.97620884e-001, 7.86157995e-002, 1.08821958e-001,
       1.26323029e-001, 2.27419913e-001, 1.59595475e-001,
       1.31007537e-001, 7.21948966e-002, 1.96750656e-001,
       1.26655102e-001, 1.16293699e-001, 1.91988304e-001,
       2.83508778e-001, 2.85579205e-001, 1.20433435e-001,
       1.10008828e-001, 7.45854676e-002, 1.16736695e-001,
       1.83943704e-001, 1.00564450e-001, 1.36032030e-001,
       1.91573560e-001, 2.85579205e-001, 1.75515473e-001,
       1.21063903e-001, 1.04876384e-001, 2.04251185e-001,
       1.12696946e-001, 3.83250453e-002, 4.83219773e-002,
       9.96809527e-002, 2.72949487e-001, 1.72447890e-001,
       1.02201700e-001, 5.50624691e-002, 1.21607929e-001,
       1.20314792e-001, 8.28037187e-002, 1.09033108e-001,
       2.02886596e-001, 3.03634971e-001, 2.06977189e-001,
       1.60360426e-001, 8.76536071e-002, 9.74595025e-002,
       1.04662746e-001, 4.95394841e-002, 6.82966411e-002,
       1.41584754e-001, 3.03634971e-001, 1.98832840e-001,
       9.47744772e-002, 9.16825160e-002, 1.27722129e-001,
       1.05593711e-001, 1.26517251e-001, 1.25842631e-001,
       2.60191202e-001, 3.03634971e-001, 2.54661977e-001,
       1.48249477e-001, 1.19977608e-001, 1.22009121e-001,
       1.13407813e-001, 9.28485841e-002, 1.11680508e-001,
       2.09399834e-001, 2.92901635e-001, 1.96313202e-001,
       1.68391690e-001, 8.47281069e-002, 6.56615049e-002,
       9.74215791e-002, 6.53774589e-002, 8.45528767e-002,
       1.43341318e-001, 2.54849195e-001, 1.76553309e-001,
       1.21344700e-001, 4.10945117e-002, 5.20800948e-002,
       1.15351945e-001, 1.44681543e-001, 1.58063531e-001,
       2.73088336e-001, 2.92901635e-001, 2.35479787e-001,
       1.42665923e-001, 1.10562682e-001, 9.36479867e-002,
       1.09596208e-001, 7.86805153e-002, 1.27696604e-001,
       1.87438011e-001, 2.90934145e-001, 2.10126370e-001,
       1.05876617e-001, 6.69225827e-002, 6.27586395e-002,
       1.45792842e-001, 1.15406893e-001, 1.34611368e-001,
       8.59251320e-002, 1.78056300e-001, 7.82960579e-002,
       8.35754499e-002, 5.37136197e-002, 1.11540869e-001,
       1.52661681e-001, 1.33659646e-001, 1.37598023e-001,
       1.20320901e-001, 1.55030102e-001, 1.45260423e-001,
       1.92567706e-001, 1.44743472e-001, 1.49648905e-001,
       1.38404667e-001, 1.54278904e-001, 1.99314982e-001,
       1.78064838e-001, 2.49647081e-001, 9.23527777e-002,
       1.32835224e-001, 9.39736664e-002, 9.51400474e-002,
       1.51220977e-001, 1.75779521e-001, 2.44854078e-001,
       1.78010762e-001, 1.93090841e-001, 1.82522535e-001,
       2.54252434e-001, 1.84868872e-001, 1.17281489e-001,
       6.53626323e-002, 6.16536923e-002, 9.68419462e-002,
       1.11283511e-001, 1.47652626e-001, 1.34715855e-001,
